from matplotlib import pyplot as plt
import matplotlib
matplotlib.use('TkAgg')
f1=[[0.8 , 0.79, 0.85, 0.86, 0.87, 0.89, 0.89, 0.88, 0.87, 0.9 , 0.9 , 0.91,
  0.91, 0.91, 0.91, 0.91, 0.92, 0.93, 0.92],
 [0.78, 0.83, 0.84, 0.86, 0.89, 0.88, 0.89, 0.9 , 0.91, 0.9 , 0.93, 0.93,
  0.93, 0.92, 0.91, 0.94, 0.95, 0.92, 0.94],
 [0.81, 0.81, 0.84, 0.89, 0.89, 0.89, 0.91, 0.9 , 0.92, 0.92, 0.92, 0.92,
  0.94, 0.92, 0.94, 0.95, 0.94, 0.94, 0.94],
 [0.79, 0.84, 0.87, 0.87, 0.9 , 0.92, 0.91, 0.91, 0.93, 0.91, 0.93, 0.93,
  0.94, 0.94, 0.95, 0.94, 0.95, 0.95, 0.95],
 [0.81, 0.84, 0.86, 0.89, 0.93, 0.9 , 0.92, 0.92, 0.93, 0.95, 0.93, 0.94,
  0.94, 0.94, 0.95, 0.96, 0.95, 0.96, 0.95],
 [0.78, 0.87, 0.87, 0.9 , 0.91, 0.92, 0.92, 0.95, 0.93, 0.94, 0.94, 0.95,
  0.94, 0.95, 0.97, 0.94, 0.94, 0.96, 0.96],
 [0.81, 0.87, 0.86, 0.9 , 0.93, 0.9 , 0.93, 0.93, 0.95, 0.94, 0.96, 0.96,
  0.96, 0.94, 0.96, 0.96, 0.96, 0.97, 0.97],
 [0.84, 0.86, 0.88, 0.92, 0.93, 0.93, 0.93, 0.94, 0.94, 0.95, 0.96, 0.96,
  0.96, 0.96, 0.95, 0.96, 0.96, 0.97, 0.96],
 [0.8 , 0.87, 0.89, 0.9 , 0.93, 0.92, 0.95, 0.95, 0.95, 0.95, 0.95, 0.95,
  0.96, 0.96, 0.97, 0.96, 0.97, 0.96, 0.97],
 [0.82, 0.89, 0.89, 0.9 , 0.93, 0.94, 0.95, 0.96, 0.96, 0.95, 0.95, 0.97,
  0.97, 0.95, 0.97, 0.96, 0.96, 0.96, 0.96],
 [0.82, 0.88, 0.91, 0.91, 0.94, 0.94, 0.95, 0.96, 0.95, 0.95, 0.97, 0.96,
  0.96, 0.96, 0.97, 0.97, 0.97, 0.96, 0.97],
 [0.83, 0.89, 0.92, 0.94, 0.94, 0.94, 0.94, 0.93, 0.95, 0.96, 0.96, 0.96,
  0.96, 0.96, 0.97, 0.97, 0.97, 0.96, 0.97],
 [0.83, 0.89, 0.91, 0.92, 0.94, 0.95, 0.95, 0.96, 0.96, 0.95, 0.95, 0.96,
  0.97, 0.97, 0.97, 0.96, 0.98, 0.98, 0.97],
 [0.86, 0.89, 0.93, 0.93, 0.95, 0.96, 0.95, 0.95, 0.97, 0.96, 0.95, 0.96,
  0.97, 0.97, 0.97, 0.96, 0.98, 0.98, 0.97],
 [0.85, 0.91, 0.93, 0.93, 0.94, 0.95, 0.96, 0.96, 0.97, 0.97, 0.97, 0.97,
  0.97, 0.97, 0.98, 0.98, 0.96, 0.97, 0.97],
 [0.83, 0.9 , 0.93, 0.93, 0.95, 0.95, 0.96, 0.97, 0.96, 0.96, 0.97, 0.96,
  0.98, 0.98, 0.98, 0.96, 0.97, 0.97, 0.97],
 [0.84, 0.89, 0.94, 0.95, 0.95, 0.96, 0.97, 0.97, 0.96, 0.96, 0.97, 0.97,
  0.96, 0.96, 0.97, 0.97, 0.97, 0.97, 0.97],
 [0.87, 0.92, 0.94, 0.94, 0.95, 0.95, 0.96, 0.97, 0.96, 0.96, 0.97, 0.97,
  0.98, 0.97, 0.97, 0.98, 0.97, 0.96, 0.97],
 [0.86, 0.92, 0.95, 0.94, 0.96, 0.96, 0.95, 0.97, 0.96, 0.96, 0.97, 0.97,
  0.98, 0.96, 0.97, 0.97, 0.98, 0.97, 0.97],
 [0.88, 0.92, 0.94, 0.97, 0.96, 0.96, 0.96, 0.96, 0.95, 0.97, 0.97, 0.97,
  0.97, 0.97, 0.97, 0.97, 0.98, 0.98, 0.97]]

f2=[[0.86, 0.91, 0.91, 0.93, 0.94, 0.95, 0.96, 0.96, 0.95, 0.97, 0.96, 0.97,
  0.97, 0.96, 0.95, 0.97, 0.97, 0.98, 0.96],
 [0.86, 0.9 , 0.93, 0.93, 0.96, 0.96, 0.96, 0.97, 0.96, 0.97, 0.97, 0.97,
  0.98, 0.97, 0.96, 0.97, 0.97, 0.98, 0.97],
 [0.88, 0.93, 0.94, 0.96, 0.96, 0.96, 0.96, 0.96, 0.97, 0.98, 0.97, 0.97,
  0.97, 0.97, 0.98, 0.97, 0.97, 0.97, 0.98],
 [0.9 , 0.95, 0.95, 0.95, 0.96, 0.97, 0.97, 0.97, 0.97, 0.97, 0.97, 0.97,
  0.97, 0.98, 0.98, 0.97, 0.97, 0.97, 0.97],
 [0.89, 0.94, 0.96, 0.95, 0.96, 0.97, 0.98, 0.97, 0.96, 0.97, 0.97, 0.97,
  0.97, 0.97, 0.97, 0.98, 0.97, 0.97, 0.97],
 [0.92, 0.94, 0.97, 0.96, 0.96, 0.97, 0.97, 0.97, 0.97, 0.98, 0.97, 0.98,
  0.98, 0.98, 0.98, 0.97, 0.98, 0.97, 0.98],
 [0.92, 0.96, 0.96, 0.97, 0.97, 0.97, 0.97, 0.97, 0.98, 0.98, 0.97, 0.97,
  0.97, 0.98, 0.97, 0.98, 0.98, 0.98, 0.98],
 [0.93, 0.95, 0.97, 0.96, 0.97, 0.97, 0.97, 0.98, 0.98, 0.98, 0.98, 0.98,
  0.97, 0.98, 0.98, 0.98, 0.98, 0.98, 0.98],
 [0.92, 0.96, 0.96, 0.96, 0.97, 0.97, 0.98, 0.98, 0.98, 0.98, 0.98, 0.98,
  0.98, 0.98, 0.99, 0.98, 0.98, 0.98, 0.98],
 [0.94, 0.95, 0.97, 0.96, 0.97, 0.97, 0.98, 0.97, 0.98, 0.97, 0.98, 0.98,
  0.98, 0.98, 0.98, 0.98, 0.98, 0.97, 0.98],
 [0.93, 0.96, 0.96, 0.96, 0.97, 0.98, 0.98, 0.98, 0.98, 0.98, 0.98, 0.98,
  0.98, 0.98, 0.98, 0.97, 0.98, 0.98, 0.98],
 [0.95, 0.96, 0.97, 0.97, 0.97, 0.98, 0.98, 0.98, 0.97, 0.98, 0.98, 0.98,
  0.98, 0.98, 0.98, 0.98, 0.98, 0.98, 0.97],
 [0.94, 0.96, 0.97, 0.96, 0.98, 0.98, 0.98, 0.98, 0.98, 0.98, 0.98, 0.98,
  0.98, 0.98, 0.98, 0.98, 0.97, 0.98, 0.98],
 [0.93, 0.97, 0.97, 0.98, 0.98, 0.97, 0.98, 0.97, 0.97, 0.98, 0.97, 0.98,
  0.97, 0.98, 0.98, 0.98, 0.98, 0.98, 0.98],
 [0.95, 0.97, 0.96, 0.98, 0.97, 0.97, 0.97, 0.99, 0.98, 0.98, 0.98, 0.99,
  0.98, 0.97, 0.98, 0.98, 0.98, 0.98, 0.98],
 [0.94, 0.96, 0.97, 0.97, 0.98, 0.98, 0.98, 0.98, 0.98, 0.98, 0.98, 0.98,
  0.98, 0.98, 0.98, 0.98, 0.98, 0.98, 0.98],
 [0.95, 0.97, 0.97, 0.98, 0.98, 0.97, 0.98, 0.98, 0.98, 0.98, 0.97, 0.98,
  0.98, 0.98, 0.98, 0.98, 0.98, 0.98, 0.98],
 [0.94, 0.97, 0.98, 0.96, 0.98, 0.98, 0.96, 0.99, 0.98, 0.97, 0.98, 0.98,
  0.98, 0.98, 0.98, 0.98, 0.98, 0.98, 0.98],
 [0.95, 0.97, 0.97, 0.97, 0.99, 0.98, 0.98, 0.98, 0.98, 0.98, 0.98, 0.98,
  0.98, 0.98, 0.98, 0.98, 0.98, 0.98, 0.99],
 [0.95, 0.96, 0.98, 0.98, 0.98, 0.97, 0.98, 0.98, 0.98, 0.97, 0.98, 0.98,
  0.98, 0.97, 0.98, 0.97, 0.98, 0.98, 0.98]]



result=[[ 6., 13.,  6.,  8.,  8.,  6.,  7.,  8.,  9.,  7.,  6.,  6.,  7.,  5.,
   5.,  7.,  5.,  5.,  4.],
 [ 9.,  8., 10.,  7.,  7.,  8.,  8.,  7.,  6.,  7.,  4.,  5.,  5.,  5.,
   5.,  3.,  3.,  5.,  3.],
 [ 8., 13., 10.,  7.,  7.,  7.,  5.,  7.,  5.,  5.,  5.,  4.,  3.,  5.,
   3.,  2.,  3.,  3.,  3.],
 [12., 12.,  9.,  9.,  6.,  5.,  6.,  6.,  4.,  6.,  4.,  4.,  3.,  4.,
   3.,  3.,  2.,  3.,  2.],
 [ 9., 11., 10.,  6.,  4.,  7.,  5.,  6.,  3.,  2.,  4.,  3.,  3.,  4.,
   2.,  2.,  2.,  2.,  2.],
 [15.,  8., 10.,  7.,  6.,  6.,  6.,  2.,  5.,  4.,  3.,  3.,  3.,  3.,
   1.,  3.,  4.,  1.,  2.],
 [11., 10., 10.,  8.,  4.,  7.,  4.,  4.,  3.,  4.,  2.,  1.,  2.,  4.,
   1.,  2.,  2.,  1.,  2.],
 [ 9., 10.,  9.,  4.,  5.,  4.,  4.,  3.,  3.,  3.,  2.,  2.,  1.,  2.,
   3.,  2.,  1.,  1.,  2.],
 [13.,  9.,  7.,  6.,  4.,  5.,  3.,  3.,  3.,  3.,  3.,  2.,  2.,  2.,
   2.,  2.,  1.,  2.,  1.],
 [13.,  7.,  8.,  6.,  4.,  3.,  3.,  1.,  2.,  3.,  3.,  1.,  1.,  3.,
   1.,  2.,  2.,  1.,  2.],
 [11.,  9.,  5.,  5.,  3.,  4.,  2.,  2.,  3.,  3.,  1.,  1.,  2.,  3.,
   1.,  1.,  1.,  2.,  1.],
 [12.,  7.,  6.,  4.,  3.,  4.,  4.,  5.,  2.,  2.,  1.,  2.,  2.,  2.,
   1.,  1.,  1.,  1., -0.],
 [11.,  8.,  5.,  4.,  4.,  4.,  3.,  2.,  2.,  3.,  3.,  2.,  1.,  1.,
   1.,  2., -0.,  0.,  0.],
 [ 8.,  8.,  4.,  5.,  3.,  1.,  3.,  2., -0.,  2.,  2.,  2.,  0.,  2.,
   1.,  2.,  0.,  0.,  1.],
 [10.,  6.,  4.,  5.,  3.,  2.,  1.,  3.,  1.,  2.,  1.,  2.,  1., -0.,
   0.,  0.,  1.,  1.,  1.],
 [12.,  7.,  4.,  5.,  3.,  3.,  2.,  1.,  2.,  1.,  1.,  2.,  0.,  1.,
   0.,  2.,  1.,  0.,  1.],
 [12.,  8.,  3.,  3.,  3.,  2.,  1.,  2.,  2.,  2.,  1.,  1.,  2.,  2.,
   1.,  1.,  1.,  1.,  1.],
 [ 8.,  5.,  4.,  2.,  3.,  3.,  1.,  2.,  2.,  1.,  1.,  1.,  0.,  1.,
   1.,  0.,  1.,  2.,  0.],
 [ 9.,  5.,  3.,  3.,  2.,  2.,  2.,  2.,  2.,  2.,  2.,  1., -0.,  2.,
   1.,  1.,  0.,  1.,  1.],
 [ 8.,  4.,  4.,  1.,  2.,  1.,  1.,  2.,  2.,  0.,  1.,  1.,  1.,  1.,
   1.,  0., -0., -0.,  1.]]




t2time=[[  600.,  1200.,  1800.,  2400.,  3000.,  3600.,  4200.,  4800.,  5400.,
   6000.,  6600.,  7200.,  7800.,  8400.,  9000.,  9600., 10200., 10800.,
  11400.],
 [  720.,  1440.,  2160.,  2880.,  3600.,  4320.,  5040.,  5760.,  6480.,
   7200.,  7920.,  8640.,  9360., 10080., 10800., 11520., 12240., 12960.,
  13680.],
 [  840.,  1680.,  2520.,  3360.,  4200.,  5040.,  5880.,  6720.,  7560.,
   8400.,  9240., 10080., 10920., 11760., 12600., 13440., 14280., 15120.,
  15960.],
 [  960.,  1920.,  2880.,  3840.,  4800.,  5760.,  6720.,  7680.,  8640.,
   9600., 10560., 11520., 12480., 13440., 14400., 15360., 16320., 17280.,
  18240.],
 [ 1080.,  2160.,  3240.,  4320.,  5400.,  6480.,  7560.,  8640.,  9720.,
  10800., 11880., 12960., 14040., 15120., 16200., 17280., 18360., 19440.,
  20520.],
 [ 1200.,  2400.,  3600.,  4800.,  6000.,  7200.,  8400.,  9600., 10800.,
  12000., 13200., 14400., 15600., 16800., 18000., 19200., 20400., 21600.,
  22800.],
 [ 1320.,  2640.,  3960.,  5280.,  6600.,  7920.,  9240., 10560., 11880.,
  13200., 14520., 15840., 17160., 18480., 19800., 21120., 22440., 23760.,
  25080.],
 [ 1440.,  2880.,  4320.,  5760.,  7200.,  8640., 10080., 11520., 12960.,
  14400., 15840., 17280., 18720., 20160., 21600., 23040., 24480., 25920.,
  27360.],
 [ 1560.,  3120.,  4680.,  6240.,  7800.,  9360., 10920., 12480., 14040.,
  15600., 17160., 18720., 20280., 21840., 23400., 24960., 26520., 28080.,
  29640.],
 [ 1680.,  3360.,  5040.,  6720.,  8400., 10080., 11760., 13440., 15120.,
  16800., 18480., 20160., 21840., 23520., 25200., 26880., 28560., 30240.,
  31920.],
 [ 1800.,  3600.,  5400.,  7200.,  9000., 10800., 12600., 14400., 16200.,
  18000., 19800., 21600., 23400., 25200., 27000., 28800., 30600., 32400.,
  34200.],
 [ 1920.,  3840.,  5760.,  7680.,  9600., 11520., 13440., 15360., 17280.,
  19200., 21120., 23040., 24960., 26880., 28800., 30720., 32640., 34560.,
  36480.],
 [ 2040.,  4080.,  6120.,  8160., 10200., 12240., 14280., 16320., 18360.,
  20400., 22440., 24480., 26520., 28560., 30600., 32640., 34680., 36720.,
  38760.],
 [ 2160.,  4320.,  6480.,  8640., 10800., 12960., 15120., 17280., 19440.,
  21600., 23760., 25920., 28080., 30240., 32400., 34560., 36720., 38880.,
  41040.],
 [ 2280.,  4560.,  6840.,  9120., 11400., 13680., 15960., 18240., 20520.,
  22800., 25080., 27360., 29640., 31920., 34200., 36480., 38760., 41040.,
  43320.],
 [ 2400.,  4800.,  7200.,  9600., 12000., 14400., 16800., 19200., 21600.,
  24000., 26400., 28800., 31200., 33600., 36000., 38400., 40800., 43200.,
  45600.],
 [ 2520.,  5040.,  7560., 10080., 12600., 15120., 17640., 20160., 22680.,
  25200., 27720., 30240., 32760., 35280., 37800., 40320., 42840., 45360.,
  47880.],
 [ 2640.,  5280.,  7920., 10560., 13200., 15840., 18480., 21120., 23760.,
  26400., 29040., 31680., 34320., 36960., 39600., 42240., 44880., 47520.,
  50160.],
 [ 2760.,  5520.,  8280., 11040., 13800., 16560., 19320., 22080., 24840.,
  27600., 30360., 33120., 35880., 38640., 41400., 44160., 46920., 49680.,
  52440.],
 [ 2880.,  5760.,  8640., 11520., 14400., 17280., 20160., 23040., 25920.,
  28800., 31680., 34560., 37440., 40320., 43200., 46080., 48960., 51840.,
  54720.]]

# 创建一个热力图
plt.imshow(t2time, cmap='viridis', interpolation='nearest')

# 添加颜色条
plt.colorbar()

# 添加标题和轴标签
plt.title('Relaxation Time')
plt.xlabel('Max T1 Relaxation Time')
plt.ylabel('T2 Relaxation Time')

# 自定义 X 轴和 Y 轴刻度和标签
# x_labels = ['0.1', '0.2', '0.3', '0.4', '0.5', '0.6', '0.7', '0.8', '0.9', '1.0']
# y_labels = ['10', '20', '30', '40', '50', '60', '70', '80', '90', '100']
# plt.xticks(ticks=np.arange(len(x_labels)), labels=x_labels)
# plt.yticks(ticks=np.arange(len(y_labels)), labels=y_labels)
# 显示热力图
plt.show()
print(result)

